# Created by Octave 4.2.2, Tue May 19 16:53:54 2020 CDT <jogabell@Jarvis>
# name: xi
# type: matrix
# rows: 1000
# columns: 1
 0.068
 0.06803203203203204
 0.06806406406406407
 0.0680960960960961
 0.06812812812812813
 0.06816016016016016
 0.06819219219219219
 0.06822422422422422
 0.06825625625625627
 0.0682882882882883
 0.06832032032032033
 0.06835235235235236
 0.06838438438438439
 0.06841641641641642
 0.06844844844844845
 0.06848048048048049
 0.06851251251251252
 0.06854454454454455
 0.06857657657657658
 0.06860860860860861
 0.06864064064064064
 0.06867267267267267
 0.0687047047047047
 0.06873673673673675
 0.06876876876876878
 0.06880080080080081
 0.06883283283283284
 0.06886486486486487
 0.0688968968968969
 0.06892892892892893
 0.06896096096096097
 0.068992992992993
 0.06902502502502503
 0.06905705705705706
 0.06908908908908909
 0.06912112112112112
 0.06915315315315315
 0.0691851851851852
 0.06921721721721723
 0.06924924924924926
 0.06928128128128129
 0.06931331331331332
 0.06934534534534535
 0.06937737737737738
 0.06940940940940941
 0.06944144144144145
 0.06947347347347348
 0.06950550550550551
 0.06953753753753754
 0.06956956956956957
 0.0696016016016016
 0.06963363363363363
 0.06966566566566568
 0.06969769769769771
 0.06972972972972974
 0.06976176176176177
 0.0697937937937938
 0.06982582582582583
 0.06985785785785786
 0.06988988988988989
 0.06992192192192193
 0.06995395395395396
 0.06998598598598599
 0.07001801801801802
 0.07005005005005005
 0.07008208208208208
 0.07011411411411411
 0.07014614614614616
 0.07017817817817819
 0.07021021021021022
 0.07024224224224225
 0.07027427427427428
 0.07030630630630631
 0.07033833833833834
 0.07037037037037037
 0.07040240240240241
 0.07043443443443444
 0.07046646646646647
 0.0704984984984985
 0.07053053053053053
 0.07056256256256256
 0.07059459459459461
 0.07062662662662664
 0.07065865865865867
 0.0706906906906907
 0.07072272272272273
 0.07075475475475476
 0.07078678678678679
 0.07081881881881882
 0.07085085085085085
 0.07088288288288289
 0.07091491491491492
 0.07094694694694695
 0.07097897897897898
 0.07101101101101101
 0.07104304304304304
 0.07107507507507507
 0.07110710710710712
 0.07113913913913915
 0.07117117117117118
 0.07120320320320321
 0.07123523523523524
 0.07126726726726727
 0.0712992992992993
 0.07133133133133134
 0.07136336336336337
 0.0713953953953954
 0.07142742742742743
 0.07145945945945946
 0.07149149149149149
 0.07152352352352352
 0.07155555555555557
 0.0715875875875876
 0.07161961961961963
 0.07165165165165166
 0.07168368368368369
 0.07171571571571572
 0.07174774774774775
 0.07177977977977978
 0.07181181181181182
 0.07184384384384385
 0.07187587587587588
 0.07190790790790791
 0.07193993993993994
 0.07197197197197197
 0.072004004004004
 0.07203603603603605
 0.07206806806806808
 0.07210010010010011
 0.07213213213213214
 0.07216416416416417
 0.0721961961961962
 0.07222822822822823
 0.07226026026026026
 0.0722922922922923
 0.07232432432432433
 0.07235635635635636
 0.07238838838838839
 0.07242042042042042
 0.07245245245245245
 0.0724844844844845
 0.07251651651651653
 0.07254854854854856
 0.07258058058058059
 0.07261261261261262
 0.07264464464464465
 0.07267667667667668
 0.07270870870870871
 0.07274074074074074
 0.07277277277277278
 0.07280480480480481
 0.07283683683683684
 0.07286886886886887
 0.0729009009009009
 0.07293293293293293
 0.07296496496496496
 0.07299699699699701
 0.07302902902902904
 0.07306106106106107
 0.0730930930930931
 0.07312512512512513
 0.07315715715715716
 0.07318918918918919
 0.07322122122122122
 0.07325325325325326
 0.07328528528528529
 0.07331731731731732
 0.07334934934934935
 0.07338138138138138
 0.07341341341341343
 0.07344544544544546
 0.07347747747747749
 0.07350950950950952
 0.07354154154154155
 0.07357357357357358
 0.07360560560560561
 0.07363763763763764
 0.07366966966966967
 0.07370170170170171
 0.07373373373373374
 0.07376576576576577
 0.0737977977977978
 0.07382982982982983
 0.07386186186186186
 0.07389389389389389
 0.07392592592592594
 0.07395795795795797
 0.07398998998999
 0.07402202202202203
 0.07405405405405406
 0.07408608608608609
 0.07411811811811812
 0.07415015015015015
 0.07418218218218219
 0.07421421421421422
 0.07424624624624625
 0.07427827827827828
 0.07431031031031031
 0.07434234234234234
 0.07437437437437439
 0.07440640640640642
 0.07443843843843845
 0.07447047047047048
 0.07450250250250251
 0.07453453453453454
 0.07456656656656657
 0.0745985985985986
 0.07463063063063063
 0.07466266266266267
 0.0746946946946947
 0.07472672672672673
 0.07475875875875876
 0.07479079079079079
 0.07482282282282282
 0.07485485485485485
 0.0748868868868869
 0.07491891891891893
 0.07495095095095096
 0.07498298298298299
 0.07501501501501502
 0.07504704704704705
 0.07507907907907908
 0.07511111111111111
 0.07514314314314315
 0.07517517517517518
 0.07520720720720721
 0.07523923923923924
 0.07527127127127127
 0.07530330330330332
 0.07533533533533535
 0.07536736736736738
 0.07539939939939941
 0.07543143143143144
 0.07546346346346347
 0.0754954954954955
 0.07552752752752753
 0.07555955955955956
 0.07559159159159159
 0.07562362362362363
 0.07565565565565566
 0.07568768768768769
 0.07571971971971972
 0.07575175175175175
 0.07578378378378378
 0.07581581581581581
 0.07584784784784786
 0.07587987987987989
 0.07591191191191192
 0.07594394394394395
 0.07597597597597598
 0.07600800800800801
 0.07604004004004004
 0.07607207207207207
 0.07610410410410411
 0.07613613613613614
 0.07616816816816817
 0.0762002002002002
 0.07623223223223224
 0.07626426426426428
 0.07629629629629631
 0.07632832832832834
 0.07636036036036037
 0.0763923923923924
 0.07642442442442443
 0.07645645645645646
 0.07648848848848849
 0.07652052052052052
 0.07655255255255256
 0.07658458458458459
 0.07661661661661662
 0.07664864864864865
 0.07668068068068068
 0.07671271271271271
 0.07674474474474474
 0.07677677677677679
 0.07680880880880882
 0.07684084084084085
 0.07687287287287288
 0.07690490490490491
 0.07693693693693694
 0.07696896896896897
 0.077001001001001
 0.07703303303303304
 0.07706506506506507
 0.0770970970970971
 0.07712912912912913
 0.07716116116116116
 0.0771931931931932
 0.07722522522522524
 0.07725725725725727
 0.0772892892892893
 0.07732132132132133
 0.07735335335335336
 0.07738538538538539
 0.07741741741741742
 0.07744944944944945
 0.07748148148148148
 0.07751351351351352
 0.07754554554554555
 0.07757757757757758
 0.07760960960960961
 0.07764164164164164
 0.07767367367367367
 0.07770570570570572
 0.07773773773773775
 0.07776976976976978
 0.07780180180180181
 0.07783383383383384
 0.07786586586586587
 0.0778978978978979
 0.07792992992992993
 0.07796196196196196
 0.077993993993994
 0.07802602602602603
 0.07805805805805806
 0.07809009009009009
 0.07812212212212213
 0.07815415415415417
 0.0781861861861862
 0.07821821821821823
 0.07825025025025026
 0.07828228228228229
 0.07831431431431432
 0.07834634634634635
 0.07837837837837838
 0.07841041041041041
 0.07844244244244244
 0.07847447447447448
 0.07850650650650651
 0.07853853853853854
 0.07857057057057057
 0.0786026026026026
 0.07863463463463463
 0.07866666666666668
 0.07869869869869871
 0.07873073073073074
 0.07876276276276277
 0.0787947947947948
 0.07882682682682683
 0.07885885885885886
 0.07889089089089089
 0.07892292292292293
 0.07895495495495496
 0.07898698698698699
 0.07901901901901902
 0.07905105105105105
 0.07908308308308309
 0.07911511511511513
 0.07914714714714716
 0.07917917917917919
 0.07921121121121122
 0.07924324324324325
 0.07927527527527528
 0.07930730730730731
 0.07933933933933934
 0.07937137137137137
 0.07940340340340341
 0.07943543543543544
 0.07946746746746747
 0.0794994994994995
 0.07953153153153153
 0.07956356356356356
 0.07959559559559561
 0.07962762762762764
 0.07965965965965967
 0.0796916916916917
 0.07972372372372373
 0.07975575575575576
 0.07978778778778779
 0.07981981981981982
 0.07985185185185185
 0.07988388388388389
 0.07991591591591592
 0.07994794794794795
 0.07997997997997998
 0.08001201201201202
 0.08004404404404405
