# Created by Octave 4.2.2, Tue May 19 16:54:29 2020 CDT <jogabell@Jarvis>
# name: yi
# type: matrix
# rows: 1000
# columns: 1
 0.0021
 0.002100700700700701
 0.002101401401401401
 0.002102102102102102
 0.002102802802802803
 0.002103503503503503
 0.002104204204204204
 0.002104904904904905
 0.002105605605605606
 0.002106306306306306
 0.002107007007007007
 0.002107707707707707
 0.002108408408408408
 0.002109109109109109
 0.00210980980980981
 0.002110510510510511
 0.002111211211211211
 0.002111911911911912
 0.002112612612612612
 0.002113313313313313
 0.002114014014014014
 0.002114714714714715
 0.002115415415415415
 0.002116116116116116
 0.002116816816816817
 0.002117517517517517
 0.002118218218218218
 0.002118918918918919
 0.00211961961961962
 0.00212032032032032
 0.002121021021021021
 0.002121721721721721
 0.002122422422422422
 0.002123123123123123
 0.002123823823823824
 0.002124524524524525
 0.002125225225225225
 0.002125925925925926
 0.002126626626626626
 0.002127327327327327
 0.002128028028028028
 0.002128728728728729
 0.002129429429429429
 0.00213013013013013
 0.002130830830830831
 0.002131531531531531
 0.002132232232232232
 0.002132932932932933
 0.002133633633633634
 0.002134334334334334
 0.002135035035035035
 0.002135735735735736
 0.002136436436436436
 0.002137137137137137
 0.002137837837837838
 0.002138538538538539
 0.002139239239239239
 0.00213993993993994
 0.00214064064064064
 0.002141341341341341
 0.002142042042042042
 0.002142742742742743
 0.002143443443443444
 0.002144144144144144
 0.002144844844844845
 0.002145545545545545
 0.002146246246246246
 0.002146946946946947
 0.002147647647647648
 0.002148348348348348
 0.002149049049049049
 0.00214974974974975
 0.00215045045045045
 0.002151151151151151
 0.002151851851851852
 0.002152552552552553
 0.002153253253253253
 0.002153953953953954
 0.002154654654654654
 0.002155355355355355
 0.002156056056056056
 0.002156756756756757
 0.002157457457457458
 0.002158158158158158
 0.002158858858858859
 0.002159559559559559
 0.00216026026026026
 0.002160960960960961
 0.002161661661661662
 0.002162362362362362
 0.002163063063063063
 0.002163763763763764
 0.002164464464464464
 0.002165165165165165
 0.002165865865865866
 0.002166566566566567
 0.002167267267267267
 0.002167967967967968
 0.002168668668668669
 0.002169369369369369
 0.00217007007007007
 0.002170770770770771
 0.002171471471471472
 0.002172172172172172
 0.002172872872872873
 0.002173573573573573
 0.002174274274274274
 0.002174974974974975
 0.002175675675675676
 0.002176376376376376
 0.002177077077077077
 0.002177777777777778
 0.002178478478478478
 0.002179179179179179
 0.00217987987987988
 0.002180580580580581
 0.002181281281281281
 0.002181981981981982
 0.002182682682682683
 0.002183383383383383
 0.002184084084084084
 0.002184784784784785
 0.002185485485485485
 0.002186186186186186
 0.002186886886886887
 0.002187587587587587
 0.002188288288288288
 0.002188988988988989
 0.00218968968968969
 0.00219039039039039
 0.002191091091091091
 0.002191791791791792
 0.002192492492492492
 0.002193193193193193
 0.002193893893893894
 0.002194594594594594
 0.002195295295295295
 0.002195995995995996
 0.002196696696696697
 0.002197397397397397
 0.002198098098098098
 0.002198798798798799
 0.002199499499499499
 0.0022002002002002
 0.002200900900900901
 0.002201601601601602
 0.002202302302302302
 0.002203003003003003
 0.002203703703703703
 0.002204404404404404
 0.002205105105105105
 0.002205805805805806
 0.002206506506506506
 0.002207207207207207
 0.002207907907907908
 0.002208608608608608
 0.002209309309309309
 0.00221001001001001
 0.002210710710710711
 0.002211411411411411
 0.002212112112112112
 0.002212812812812812
 0.002213513513513513
 0.002214214214214214
 0.002214914914914915
 0.002215615615615616
 0.002216316316316316
 0.002217017017017017
 0.002217717717717717
 0.002218418418418418
 0.002219119119119119
 0.00221981981981982
 0.00222052052052052
 0.002221221221221221
 0.002221921921921922
 0.002222622622622622
 0.002223323323323323
 0.002224024024024024
 0.002224724724724725
 0.002225425425425425
 0.002226126126126126
 0.002226826826826827
 0.002227527527527527
 0.002228228228228228
 0.002228928928928929
 0.00222962962962963
 0.00223033033033033
 0.002231031031031031
 0.002231731731731731
 0.002232432432432432
 0.002233133133133133
 0.002233833833833834
 0.002234534534534535
 0.002235235235235235
 0.002235935935935936
 0.002236636636636636
 0.002237337337337337
 0.002238038038038038
 0.002238738738738739
 0.002239439439439439
 0.00224014014014014
 0.002240840840840841
 0.002241541541541541
 0.002242242242242242
 0.002242942942942943
 0.002243643643643644
 0.002244344344344344
 0.002245045045045045
 0.002245745745745745
 0.002246446446446446
 0.002247147147147147
 0.002247847847847848
 0.002248548548548549
 0.002249249249249249
 0.00224994994994995
 0.00225065065065065
 0.002251351351351351
 0.002252052052052052
 0.002252752752752753
 0.002253453453453453
 0.002254154154154154
 0.002254854854854855
 0.002255555555555555
 0.002256256256256256
 0.002256956956956957
 0.002257657657657658
 0.002258358358358358
 0.002259059059059059
 0.00225975975975976
 0.00226046046046046
 0.002261161161161161
 0.002261861861861862
 0.002262562562562563
 0.002263263263263263
 0.002263963963963964
 0.002264664664664664
 0.002265365365365365
 0.002266066066066066
 0.002266766766766767
 0.002267467467467468
 0.002268168168168168
 0.002268868868868869
 0.002269569569569569
 0.00227027027027027
 0.002270970970970971
 0.002271671671671672
 0.002272372372372372
 0.002273073073073073
 0.002273773773773774
 0.002274474474474474
 0.002275175175175175
 0.002275875875875876
 0.002276576576576577
 0.002277277277277277
 0.002277977977977978
 0.002278678678678678
 0.002279379379379379
 0.00228008008008008
 0.002280780780780781
 0.002281481481481482
 0.002282182182182182
 0.002282882882882883
 0.002283583583583583
 0.002284284284284284
 0.002284984984984985
 0.002285685685685686
 0.002286386386386386
 0.002287087087087087
 0.002287787787787788
 0.002288488488488488
 0.002289189189189189
 0.00228988988988989
 0.002290590590590591
 0.002291291291291291
 0.002291991991991992
 0.002292692692692693
 0.002293393393393393
 0.002294094094094094
 0.002294794794794795
 0.002295495495495496
 0.002296196196196196
 0.002296896896896897
 0.002297597597597597
 0.002298298298298298
 0.002298998998998999
 0.0022996996996997
 0.002300400400400401
 0.002301101101101101
 0.002301801801801802
 0.002302502502502502
 0.002303203203203203
 0.002303903903903904
 0.002304604604604605
 0.002305305305305305
 0.002306006006006006
 0.002306706706706707
 0.002307407407407407
 0.002308108108108108
 0.002308808808808809
 0.00230950950950951
 0.00231021021021021
 0.002310910910910911
 0.002311611611611611
 0.002312312312312312
 0.002313013013013013
 0.002313713713713714
 0.002314414414414414
 0.002315115115115115
 0.002315815815815816
 0.002316516516516516
 0.002317217217217217
 0.002317917917917918
 0.002318618618618619
 0.002319319319319319
 0.00232002002002002
 0.002320720720720721
 0.002321421421421421
 0.002322122122122122
 0.002322822822822823
 0.002323523523523523
 0.002324224224224224
 0.002324924924924925
 0.002325625625625626
 0.002326326326326326
 0.002327027027027027
 0.002327727727727728
 0.002328428428428428
 0.002329129129129129
 0.00232982982982983
 0.00233053053053053
 0.002331231231231231
 0.002331931931931932
 0.002332632632632632
 0.002333333333333333
 0.002334034034034034
 0.002334734734734735
 0.002335435435435435
 0.002336136136136136
 0.002336836836836837
 0.002337537537537537
 0.002338238238238238
 0.002338938938938939
 0.00233963963963964
 0.00234034034034034
 0.002341041041041041
 0.002341741741741741
 0.002342442442442442
 0.002343143143143143
 0.002343843843843844
 0.002344544544544544
 0.002345245245245245
 0.002345945945945946
 0.002346646646646647
 0.002347347347347347
 0.002348048048048048
 0.002348748748748749
 0.002349449449449449
 0.00235015015015015
 0.002350850850850851
 0.002351551551551551
