# Created by Octave 4.2.2, Tue May 19 16:54:40 2020 CDT <jogabell@Jarvis>
# name: zi
# type: matrix
# rows: 1000
# columns: 1
 NaN
 NaN
 NaN
 NaN
 NaN
 NaN
 NaN
 NaN
 NaN
 NaN
 NaN
 NaN
 NaN
 NaN
 NaN
 NaN
 NaN
 NaN
 NaN
 NaN
 NaN
 NaN
 NaN
 NaN
 NaN
 NaN
 NaN
 NaN
 NaN
 NaN
 NaN
 NaN
 NaN
 NaN
 NaN
 NaN
 NaN
 NaN
 NaN
 NaN
 NaN
 NaN
 NaN
 NaN
 NaN
 NaN
 NaN
 NaN
 NaN
 NaN
 NaN
 NaN
 NaN
 NaN
 NaN
 NaN
 NaN
 NaN
 NaN
 NaN
 NaN
 NaN
 NaN
 NaN
 NaN
 NaN
 NaN
 NaN
 NaN
 NaN
 NaN
 NaN
 NaN
 NaN
 NaN
 NaN
 NaN
 682.4784423841096
 682.0758005840984
 681.6731587840871
 681.2705169840759
 680.8678751840645
 680.4652333840532
 680.0625915840423
 679.659949784031
 679.2573079840198
 678.8546661840085
 678.4520243839972
 678.049382583986
 677.6467407839748
 677.2440989839636
 676.8414571839523
 676.4388153839411
 676.0361735839299
 675.6335317839187
 675.2308899839073
 674.8282481838961
 674.4256063838849
 674.0229645838737
 673.6203227838624
 673.2176809838512
 672.8310412329732
 672.4637208401363
 672.0964004472993
 671.7290800544627
 671.3617596616257
 670.9944392687887
 670.6271188759519
 670.2597984831149
 669.8924780902781
 669.5251576974413
 669.1578373046043
 668.7905169117672
 668.4231965189305
 668.0558761260935
 667.6885557332566
 667.3212353404199
 666.9539149475829
 666.5865945547461
 666.2192741619091
 665.8519537690721
 665.4846333762353
 665.1173129833985
 664.7499925905615
 664.3826721977247
 664.0153518048877
 663.6480314120507
 663.2807110192139
 662.9133906263769
 662.5460702335401
 662.1787498407033
 661.811502324416
 661.4443742239124
 661.0772461234086
 660.7101180229051
 660.3429899224016
 659.975861821898
 659.6087337213943
 659.2416056208907
 658.8744775203871
 658.5073494198834
 658.1402213193796
 657.7730932188763
 657.4059651183728
 657.038837017869
 656.6717089173654
 656.3045808168617
 655.9374527163582
 655.5703246158546
 655.2031965153511
 654.8360684148473
 654.468940314344
 654.1018122138403
 653.7346841133367
 653.3780844218882
 653.0451736508138
 652.7122628797392
 652.3793521086648
 652.0464413375904
 651.7135305665159
 651.3806197954415
 651.0477090243671
 650.7147982532925
 650.3818874822182
 650.0489767111438
 649.7160659400693
 649.3831551689947
 649.0502443979203
 648.717333626846
 648.3844228557714
 648.0515120846969
 647.7186013136226
 647.3856905425482
 647.0527797714736
 646.7198690003991
 646.3869582293247
 646.0540474582504
 645.721136687176
 645.3882259161014
 645.055315145027
 644.7224043739525
 644.389493602878
 644.0565828318038
 643.7236720607291
 643.3907612896547
 643.0578505185802
 642.7249397475058
 642.3920289764312
 642.0591182053569
 641.7262074342825
 641.3932966632082
 641.0603858921335
 640.7274751210591
 640.3945643499846
 640.0616535789103
 639.7287428078358
 639.3958320367612
 639.0629212656869
 638.7300104946125
 638.3970997235378
 638.0641889524635
 637.742009010592
 637.4471481591378
 637.1522873076834
 636.8574264562291
 636.5625656047748
 636.2677047533207
 635.9728439018663
 635.6779830504121
 635.3831221989577
 635.0882613475035
 634.7934004960491
 634.4985396445949
 634.2036787931405
 633.9088179416864
 633.6139570902319
 633.3190962387778
 633.0242353873234
 632.7293745358692
 632.4345136844148
 632.1396528329605
 631.8447919815062
 631.549931130052
 631.2550702785978
 630.9602094271435
 630.6653485756891
 630.3704877242349
 630.0756268727806
 629.7807660213263
 629.4859051698719
 629.1910443184177
 628.9128478100199
 628.6540930351881
 628.3953382603562
 628.1365834855245
 627.8778287106926
 627.619073935861
 627.3603191610291
 627.1015643861974
 626.8428096113656
 626.5840548365339
 626.3253000617021
 626.0665452868705
 625.8077905120387
 625.5490357372069
 625.2902809623749
 625.0315261875432
 624.7727714127114
 624.5140166378798
 624.2552618630478
 623.9965070882162
 623.7377523133844
 623.4789975385526
 623.2202427637208
 622.9614879888891
 622.7027332140573
 622.4439784392256
 622.1852236643936
 621.9264688895618
 621.6677141147301
 621.4089593398983
 621.1502045650666
 620.8926555648069
 620.6369365441005
 620.3812175233942
 620.1254985026877
 619.8697794819815
 619.6140604612752
 619.3583414405687
 619.1026224198624
 618.846903399156
 618.5911843784496
 618.3354653577434
 618.0797463370369
 617.8240273163306
 617.5683082956241
 617.3125892749179
 617.0568702542115
 616.801151233505
 616.5454322127988
 616.2897131920924
 616.033994171386
 615.7782751506797
 615.5225561299733
 615.2668371092669
 615.0111180885607
 614.7553990678541
 614.4996800471479
 614.2439610264415
 613.9882420057351
 613.7325229850288
 613.4768039643224
 613.221084943616
 612.9653659229098
 612.7096469022034
 612.453927881497
 612.1982088607906
 611.9424898400842
 611.6867708193779
 611.4310517986715
 611.1753327779652
 610.919613757259
 610.6638947365525
 610.4115213491505
 610.1951700555929
 609.9788187620356
 609.7624674684781
 609.5461161749206
 609.3551803630112
 609.1801292271319
 609.0050780912527
 608.8300269553733
 608.6549758194941
 608.4799246836147
 608.3048735477355
 608.1298224118561
 607.9547712759768
 607.7797201400975
 607.6046690042182
 607.4296178683389
 607.2545185501104
 607.0786928056797
 606.902867061249
 606.7270413168183
 606.5512155723876
 606.3753898279568
 606.1995640835262
 606.0237383390955
 605.8479125946648
 605.6720868502341
 605.4962611058035
 605.3204353613727
 605.1446096169419
 604.9687838725113
 604.7929581280805
 604.6171323836498
 604.4413066392191
 604.2654808947883
 604.0896551503577
 603.913829405927
 603.7380036614964
 603.5621779170656
 603.3863521726348
 603.2105264282042
 603.0347006837735
 602.8588749393427
 602.683049194912
 602.5072234504813
 602.3313977060506
 602.1555719616199
 601.9797462171892
 601.8039204727585
 601.6280947283277
 601.4522689838971
 601.2764432394664
 601.1006174950356
 600.924791750605
 600.7489660061742
 600.5731402617436
 600.3973145173129
 600.2214887728821
 600.0456630284515
 599.8698372840206
 599.69401153959
 599.5181857951593
 599.3423600507286
 599.1665343062979
 598.9907085618672
 598.8148828174365
 598.6390570730057
 598.463231328575
 598.2874055841444
 598.1115798397137
 597.9357540952831
 597.7599283508523
 597.5841026064215
 597.4082768619909
 597.2324511175601
 597.0566253731294
 596.8807996286987
 596.7049738842679
 596.5291481398373
 596.3533223954066
 596.177496650976
 596.0016709065452
 595.8564307600574
 595.7203662929526
 595.5843018258478
 595.448237358743
 595.3121728916381
 595.1761084245333
 595.0400439574285
 594.9039794903236
 594.7679150232187
 594.6321868414462
 594.5024550211082
 594.3727232007702
 594.2429913804322
 594.1132595600942
 593.9835277397561
 593.8537959194182
 593.7240640990802
 593.5943322787422
 593.4646004584042
 593.3348686380663
 593.2051368177282
 593.0754049973903
 592.9456731770523
 592.8522954200314
 592.7639918424991
 592.6756882649665
 592.5873846874342
 592.4990811099018
 592.4107775323693
 592.3224739548369
 592.2341703773045
 592.145866799772
 592.0575632222397
 591.9692596447072
 591.8809560671748
 591.7926524896425
 591.7043489121099
 591.6160453345775
 591.5277417570452
 591.4394381795126
 591.3511346019802
 591.2628310244479
 591.1745274469154
 591.0862238693829
 590.9979202918506
 590.9096167143181
 590.8213131367858
 590.7330095592533
 590.6447059817208
 590.5564024041885
 590.4680988266559
 590.3797952491235
 590.2914916715912
 590.2031880940588
 590.1148845165263
 590.0265809389939
 589.9382773614615
 589.849973783929
 589.7616702063967
 589.6733666288642
 589.5850630513318
 589.4967594737994
 589.4084558962669
 589.3201523187345
 589.2318487412022
 589.1435451636696
 589.0552415861372
 588.9669380086049
 588.8786344310723
 588.79033085354
 588.7020272760075
 588.613723698475
 588.5254201209427
 588.4371165434103
 588.3488129658779
 588.2605093883454
 588.172205810813
 588.1268580257469
 588.085089890053
 588.0433217543591
 588.0015536186652
 587.9597854829714
 587.9180173472774
 587.8762492115835
 587.8344810758896
 587.7927129401958
 587.7509448045018
 587.7091766688079
